20200311 4.796387792760068
20200312 4.171454142502991
20200313 3.734390677922687
20200314 3.308946058297566
20200315 2.707969650641791
20200316 2.9260331147315957
20200317 2.5167546527555387
20200318 2.685431364546759
20200319 2.905298552845529
20200320 3.049503172871669
20200321 3.044060229785049
20200322 3.4826146335173265
20200323 3.225917944328591
20200324 3.5115400688053557
20200325 3.538382732478866
20200326 3.817245453420462
20200327 4.198713688768711
20200328 4.395722984155831
20200329 4.492411506262132
20200330 5.229248835539449
20200331 5.443620579926893
20200401 6.137759969613522
20200402 6.838524938574181
20200403 7.295632260689815
20200404 7.943274017754536
20200405 8.415855316121592
20200406 9.010715668009393
20200407 10.359535069727663
20200408 10.96333411806414
20200409 11.200050847811362
20200410 12.13151047650292
20200411 12.855962567632403
20200412 14.030230385899157
20200413 15.413840060337716
20200414 15.313150788424899
20200415 16.627212860866507
20200416 17.278297684694547
20200417 18.74244447228852
20200418 18.87335033208681
20200419 18.971537023531848
20200420 18.71885016313238
20200421 20.482808104829754
20200422 21.016919066548148
20200423 21.775018953957513
20200424 20.890845725085047
20200425 21.99420790741427
20200426 22.79523173897787
20200427 24.531162641813022
20200428 23.520348521051993
20200429 23.166961990709577
20200430 23.23861765863143
20200501 24.260205359525504
20200502 24.81958222296841
20200503 24.66847859226286
20200504 26.0361004861513
20200505 26.400940566664538
20200506 27.74763954739114
20200507 28.8323210466177
20200508 28.830890829103208
20200509 30.305151945662416
20200510 32.89619198354198
20200511 34.047571621141664
20200512 36.46084685826341
20200513 38.79002043627761
20200514 39.078311344636845
20200515 42.24766930032848
20200516 42.71788398130851
20200517 44.03666976538234
20200518 42.874159823167524
20200519 43.42640141172536
20200520 44.49357932575823
20200521 45.80049374782501
20200522 44.04256043375293
20200523 44.08401965411674
20200524 42.984215862329805
20200525 44.184896381069116
20200526 44.57357759512289
20200527 43.33419795297479
20200528 43.79574752507736
20200529 44.629180468447245
20200530 43.74820393630485
20200531 43.9741685075424
20200601 42.950176640971954
20200602 40.437909855999045
20200603 39.28409735962092
20200604 39.699028300968706
20200605 39.312344734786414
20200606 38.891766997671134
20200607 37.40565509612338
20200608 38.24435399883426
20200609 41.283166079700365
20200610 44.75186078966663
20200611 46.67244496221255
20200612 51.46347542864081
20200613 56.61064916851815
20200614 64.4080514216781
20200615 72.42213973759618
20200616 79.23800898971348
20200617 89.04738226505337
20200618 100.44175516056525
20200619 120.92135693582601
20200620 148.1507624302459
20200621 190.51124578905612
20200622 280.3805326411977
20200623 446.38238929103767
20200624 232.69821167414855
20200625 127.12246365663637
20200626 79.27336018939049
20200627 62.542850426892336
20200628 59.42446532167733
20200629 56.86484039293599
20200630 45.304525972498666
20200701 42.31631742353502
20200702 44.29947387565441
20200703 45.839702476476596
20200704 49.52187935533767
20200705 43.56081043579242
20200706 42.96575799946462
20200707 45.25434219030843
20200708 45.05387972432546
20200709 41.48132257671634
20200710 40.361019709940955
20200711 38.43082936170835
20200712 41.876540268297916
